[gd_scene format=3 uid="uid://cqed1jwfj6uhi"]

[ext_resource type="Script" uid="uid://d338x7ejyo5tq" path="res://assets/scripts/gun_turret.gd" id="1_h08gw"]
[ext_resource type="Script" uid="uid://dvfka8qn0vwsi" path="res://assets/scripts/gun_turret_debug.gd" id="2_x1wmx"]

[sub_resource type="CylinderMesh" id="CylinderMesh_xt8j5"]
top_radius = 0.65
bottom_radius = 0.75
height = 0.25

[sub_resource type="StandardMaterial3D" id="StandardMaterial3D_lpcd1"]
transparency = 1
cull_mode = 2
albedo_color = Color(1, 0.5019608, 0.5019608, 0.078431375)

[sub_resource type="PlaneMesh" id="PlaneMesh_lpcd1"]
material = SubResource("StandardMaterial3D_lpcd1")
size = Vector2(20, 20)

[sub_resource type="StandardMaterial3D" id="StandardMaterial3D_f4hqd"]
transparency = 1
cull_mode = 2
albedo_color = Color(0.5019608, 1, 0.5019608, 0.078431375)

[sub_resource type="PlaneMesh" id="PlaneMesh_ji26v"]
material = SubResource("StandardMaterial3D_f4hqd")
size = Vector2(20, 20)

[sub_resource type="BoxMesh" id="BoxMesh_xt8j5"]
size = Vector3(1, 0.4, 1.5)

[sub_resource type="BoxMesh" id="BoxMesh_brovr"]
size = Vector3(2, 0.125, 0.25)

[sub_resource type="StandardMaterial3D" id="StandardMaterial3D_xt8j5"]
transparency = 1
albedo_color = Color(0.5019608, 1, 1, 0.4)

[sub_resource type="BoxMesh" id="BoxMesh_pe7gp"]
material = SubResource("StandardMaterial3D_xt8j5")
size = Vector3(0.05, 0.05, 1000)

[sub_resource type="BoxMesh" id="BoxMesh_3w6d8"]
size = Vector3(0.15, 0.15, 2)

[sub_resource type="BoxMesh" id="BoxMesh_f6a5g"]
size = Vector3(0.15, 0.15, 2)

[sub_resource type="StandardMaterial3D" id="StandardMaterial3D_ji26v"]
transparency = 1
cull_mode = 2
albedo_color = Color(0.5019608, 0.5019608, 1, 0.078431375)

[sub_resource type="PlaneMesh" id="PlaneMesh_s1udf"]
material = SubResource("StandardMaterial3D_ji26v")
size = Vector2(20, 20)

[sub_resource type="StandardMaterial3D" id="StandardMaterial3D_h08gw"]
transparency = 1
albedo_color = Color(0.5019608, 1, 1, 0.4)

[sub_resource type="SphereMesh" id="SphereMesh_x1wmx"]
material = SubResource("StandardMaterial3D_h08gw")

[node name="GunTurret" type="Node3D" unique_id=1307237613 node_paths=PackedStringArray("turret_joint", "barrel_joints")]
script = ExtResource("1_h08gw")
turret_joint = NodePath("TurretPivot")
barrel_joints = [NodePath("TurretPivot/BarrelSight"), NodePath("TurretPivot/BarrelPivot1"), NodePath("TurretPivot/BarrelPivot2")]
yaw_speed = 0.1047
pitch_speed = 188.496

[node name="TurretBottomMesh" type="MeshInstance3D" parent="." unique_id=1952710706]
transform = Transform3D(1, 0, 0, 0, 1, 0, 0, 0, 1, 0, 0.125, 0)
mesh = SubResource("CylinderMesh_xt8j5")

[node name="TurretPivot" type="Node3D" parent="." unique_id=1816233997]
transform = Transform3D(0.8479983, 0, 0.5299989, 0, 1, 0, -0.5299989, 0, 0.8479983, 0, 0, 0)

[node name="Current_XZ_red" type="MeshInstance3D" parent="TurretPivot" unique_id=2012963674]
mesh = SubResource("PlaneMesh_lpcd1")

[node name="Current_YZ_green" type="MeshInstance3D" parent="TurretPivot" unique_id=1133083452]
transform = Transform3D(-4.371139e-08, -1, 0, 1, -4.371139e-08, 0, 0, 0, 1, 0, 0, 0)
mesh = SubResource("PlaneMesh_ji26v")

[node name="TurretMidMesh" type="MeshInstance3D" parent="TurretPivot" unique_id=978189943]
transform = Transform3D(1, 0, 0, 0, 1, 0, 0, 0, 1, 0, 0.45, 0)
mesh = SubResource("BoxMesh_xt8j5")

[node name="TurretTopMesh" type="MeshInstance3D" parent="TurretPivot" unique_id=1065406661]
transform = Transform3D(1, 0, 0, 0, 1, 0, 0, 0, 1, 0, 0.7122, 0.6)
mesh = SubResource("BoxMesh_brovr")

[node name="BarrelSight" type="Node3D" parent="TurretPivot" unique_id=1136505032]
transform = Transform3D(1, 0, 0, 0, 0.67469585, -0.7380959, 0, 0.7380959, 0.67469585, 0, 0.5, -0.75)

[node name="DebugLineMesh" type="MeshInstance3D" parent="TurretPivot/BarrelSight" unique_id=1247836473]
transform = Transform3D(1, 0, 0, 0, 1, 0, 0, 0, 1, 0, 0, -500)
mesh = SubResource("BoxMesh_pe7gp")

[node name="BarrelPivot1" type="Node3D" parent="TurretPivot" unique_id=1281331642]
transform = Transform3D(1, 0, 0, 0, 0.67469585, -0.7380959, 0, 0.7380959, 0.67469585, -0.25, 0.5, -0.75)

[node name="BarrelMesh" type="MeshInstance3D" parent="TurretPivot/BarrelPivot1" unique_id=602608560]
transform = Transform3D(1, 0, 0, 0, 1, 0, 0, 0, 1, 0, 0, -0.9)
mesh = SubResource("BoxMesh_3w6d8")

[node name="Muzzle1" type="Node3D" parent="TurretPivot/BarrelPivot1" unique_id=554990270]

[node name="BarrelPivot2" type="Node3D" parent="TurretPivot" unique_id=836902312]
transform = Transform3D(1, 0, 0, 0, 0.67469585, -0.7380959, 0, 0.7380959, 0.67469585, 0.25, 0.5, -0.75)

[node name="BarrelMesh" type="MeshInstance3D" parent="TurretPivot/BarrelPivot2" unique_id=16560937]
transform = Transform3D(1, 0, 0, 0, 1, 0, 0, 0, 1, 0, 0, -0.9)
mesh = SubResource("BoxMesh_f6a5g")

[node name="Muzzle2" type="Node3D" parent="TurretPivot/BarrelPivot2" unique_id=1224407483]

[node name="Target_YZ_blue" type="MeshInstance3D" parent="." unique_id=2076814834]
transform = Transform3D(-3.7067185e-08, -0.84799826, 0.52999884, 1, -4.3711385e-08, 1.7172231e-15, 2.3166987e-08, 0.52999884, 0.84799826, 0, 0, 0)
mesh = SubResource("PlaneMesh_s1udf")

[node name="TargetNode" type="MeshInstance3D" parent="." unique_id=651664676 node_paths=PackedStringArray("target_node", "gun_turret", "targetYZ")]
transform = Transform3D(1, 0, 0, 0, 1, 0, 0, 0, 1, -5, 10, -8)
mesh = SubResource("SphereMesh_x1wmx")
script = ExtResource("2_x1wmx")
target_node = NodePath(".")
gun_turret = NodePath("..")
targetYZ = NodePath("../Target_YZ_blue")
